752.950845
798.913016
801.674081
801.872884
802.037355
806.527992
806.568433
807.359856
810.232231
811.096958
813.795651
813.949720
814.703405
815.587428
816.239937
817.468711
817.964592
821.314187
822.916166
824.304679
825.067256
827.514572
828.312182
828.352434
829.106415
829.285560
829.293620
829.417986
829.559464
831.128405
831.235379
831.235381
831.252225
831.455747
831.778275
832.016183
833.631537
833.841127
834.670489
836.773960
828.332396
823.942399
824.333613
818.907791
817.957475
843.158195
798.561154
845.926899
790.130619
832.526993
831.176181
835.915580
828.492942
831.926580
801.527662
827.624532
831.276538
824.312915
810.230743
740.656524
840.724006
839.704365
830.303367
839.052414
837.680610
818.301330
863.671490
759.797087
821.563318
816.766188
809.176289
817.420942
825.349698
824.590139
784.152212
824.260253
806.103680
813.809890
831.369506
795.444208
